12960
19824
64917
15055
49746
44651
4553
30721
44817
58798
17723
38467
7823
35429
32599
49056
49044
32505
49361
8638
45627
19203
42879
59793
18258
13747
38891
72622
35850
49108
38276
47406
71288
39093
62022
39986
34263
23664
28209
16545
57015
61334
8388
49179
9761
29923
42795
37482
60862
10841
48984
15841
12316
28647
42229
8002
69478
37716
41691
58652
8661
48324
25734
26428
50684
15132
54143
47551
28968
63024
13655
42526
32804
31711
63584
64428
40989
63117
27737
14164
60530
53246
41415
58845
72935
39996
57683
70861
56238
70471
56357
53764
12353
19695
43454
55495
59236
38994
37479
15526
47329
13984
35770
38108
49189
49404
25703
68175
15058
37136
46209
61797
36506
54960
23830
10310
15639
19815
67737
18852
47391
37700
58706
32989
12748
12366
33913
22054
56179
27447
42843
51796
36072
61069
38106
40032
49747
18579
37496
49309
14157
60178
25679
61854
54664
68921
59104
44181
59087
10348
18779
59618
25871
65318
42013
72680
58123
39089
19630
16009
54158
54525
40144
19826
10534
69537
31739
26373
8373
60042
68094
56042
65379
37422
14664
43907
72296
66899
8429
49808
13423
68573
41127
64865
29895
39933
37274
40848
30067
19141
15347
39080
32064
66598
57313
24657
21962
33398
36166
42716
10602
15904
34607
24308
23779
21318
67197
29405
37335
37586
10686
21113
50165
10860
60356
69327
43121
70254
55233
42132
59894
6069
8851
34202
54361
37730
6388
44390
31863
52205
41120
9449
37905
39806
19220
19352
11003
32320
73882
25727
35833
20848
55832
32925
22933
67031
63868
24609
18320
60357
37454
7183
10777
53824
36602
44582
10253
19846
23298
51186
58630
35909
56211
12772
34330
42056
15882
37472
29548
54702
43594
34120
49675
66930
31690
25970
48393
33962
67714
65190
41507
32318
53230
22810
62562
19369
32259
16441
59507
42926
40136
57019
18584
49337
33432
50371
59959
16703
14420
49608
48185
7160
17827
42187
53558
35524
28723
50963
46355
28824
61423
48714
11133
54616
25228
42249
37668
62250
70427
41430
44635
28734
12664
39208
16788
36777
58230
24944
28599
51639
28252
20591
57399
7857
8279
51744
55386
13374
36461
43515
58801
65904
43889
28636
36984
68878
64150
39085
42625
27517
37050
11399
72716
48809
15130
17652
42929
61306
62926
2601
19655
36372
57355
32994
36327
33020
50907
21943
21044
48696
43421
34218
36785
7784
61466
25052
10005
9327
13169
31441
73929
49001
64522
47593
41681
52781
15161
66992
28037
51884
47207
21434
23593
25169
29720
46012
25241
11429
27542
42699
57248
34261
67356
36019
33572
35364
43591
26661
13119
53694
43928
41076
10745
39419
44260
45423
57803
8570
48677
11558
15505
15697
18534
18628
44954
69980
37142
24221
12333
40872
47120
58202
39954
52417
10729
42914
71200
37103
64047
65282
54388
12321
11513
63363
67647
52470
10589
29662
6718
20530
21117
31731
62288
48241
51479
24459
32563
65128
39406
69656
57292
15041
47404
25286
67247
31359
50612
33405
47370
24839
67781
48076
28763
57246
38035
17524
33474
16908
46261
16299
41339
24938
8786
9625
13096
47428
16590
21292
21756
6111
16117
72400
63201
25029
15059
67208
27661
14487
67146
19046
5203
5875
15405
41417
28888
2791
62962
15081
42623
25953
53684
7027
60719
7358
30330
60239
29949
59582
25954
57155
27935
39344
11342
49501
2624
64284
44846
19757
44065
38153
11439
60895
66580
7363
48086
4710
52248
59390
45200
64519
39699
8475
10569
19274
21279
56511
37888
42324
48563
58994
47703
25395
35752
33715
37752
70354
61098
16491
69917
19124
23346
42254
71863
54167
8592
53071
15635
48759
42320
32172
16525
62376
4858
23722
56884
55237
13100
11957
56920
48387
47964
20428
63027
64391
9078
10390
13107
21755
43341
25980
56160
22233
45271
36040
51185
57490
13766
34597
10009
54926
70546
25571
9144
45803
43445
37371
11766
21377
19595
57186
15651
62657
20063
38025
6610
40566
66045
47420
55688
60487
74427
25521
37242
55744
59806
32347
19291
42733
12119
18622
66512
12042
48592
23549
59266
9469
40035
15094
33267
59733
31200
21980
58987
36272
54193
31060
10179
56430
23424
9095
39744
44894
58287
61933
50285
46479
39734
51189
61453
27291
67908
38301
38041
3977
66141
35321
61025
45750
38407
71467
57711
44937
35158
27383
25217
73147
13223
51326
71069
27079
31346
26071
58534
28902
28143
38789
10101
65647
12981
46274
44704
43947
14810
32061
9776
2995
54408
20654
55358
58668
47919
63539
21897
64667
55342
65156
68282
36112
57716
70845
12540
69740
30190
9835
24548
24391
35015
35591
68387
32113
16174
29301
70435
31324
41102
58958
25747
26184
10143
39619
21179
19694
22401
12635
66157
23489
50623
69834
21382
43337
24837
36210
25163
36196
36336
61042
57640
59500
21800
69833
9843
19402
41752
62899
8442
18684
55362
38417
28258
9413
37196
20392
4724
22465
7264
57775
19726
42838
15700
48544
58767
12565
58725
11836
48097
11818
40657
22979
11203
49432
14679
58382
51660
42060
25007
51123
48200
44250
70143
55231
14730
12623
38207
48679
67726
71857
48108
47837
70744
29609
36216
5566
49887
32550
31970
61781
40557
20284
62028
66924
64370
64107
36521
35230
33016
12256
48508
72811
27810
7801
13793
51741
58367
25715
19895
32184
17680
39565
30162
47536
28344
38080
8618
10998
15002
27481
67365
22736
18383
40924
11888
48380
54003
55827
9254
25101
56712
14390
9860
12199
68373
72564
44795
24527
42487
27276
49948
53086
5214
11898
13927
19910
12446
29338
46979
53677
8063
24588
55015
71678
43271
39611
38449
48242
21528
39597
13171
40481
18620
71670
25024
40477
12598
48768
44153
40480
59432
30229
47209
4751
20924
11215
19231
40982
63933
25660
17148
52325
68726
24381
36912
7164
5321
5036
33175
64064
53735
18862
19472
3572
40514
9982
57179
49377
57876
33697
28474
32968
54207
63880
57967
7200
33984
28281
44024
39313
69155
57990
62114
21701
50756
44612
49545
49806
43861
65390
23585
43852
66814
17357
41148
56444
69645
25409
41178
45721
34745
29907
43769
62184
54269
61704
63175
32730
68054
59891
55998
61645
17765
42191
43371
52107
68936
35476
52343
18214
61286
8778
36552
43960
25416
23972
26700
57664
46545
66124
29039
66311
62538
30914
17184
7402
16604
56121
39568
20517
61717
69858
39840
43175
50980
26058
44128
17072
23743
64430
9136
66682
49415
59627
46331
21603
65355
67832
41779
62698
54617
26005
44663
54912
8541
26696
47694
29118
16663
61380
53684
51872
59555
58673
22960
4377
58465
63111
49368
16526
40668
56727
39856
20262
8835
45742
70447
19956
57731
42922
60738
38432
34111
56132
66377
28175
30300
41804
13971
16625
10746
70156
7348
15134
49218
34247
59093
12302
20327
27014
59612
41249
17404
41817
31465
73736
32998
68114
54489
17382
47683
34614
41004
17691
33921
41565
27617
20958
9141
42757
3434
36694
32050
69412
55906
11471
40039
47050
59107
27309
64426
11291
27612
29246
9943
7183
39742
61831
59002
45901
65538
24030
51180
5635
51025
29267
7625
34368
7709
62342
19960
50235
25757
37098
44341
21384
37563
35311
13734
44576
34372
10358
7648
9647
64567
73004
19181
67326
23288
52897
59488
33232
55303
42914
33836
39627
68875
58522
15014
10998
56812
31813
20876
35647
36050
31314
21277
51300
40871
8208
26421
7112
33340
26440
66231
59571
19493
67348
34865
67816
32463
68783
42753
65914
14411
48204
61359
9298
52444
8078
64918
44966
71874
60762
20670
63261
44308
57233
53001
65851
22016
23066
25762
26035
20126
24080
36021
64870
37325
32587
69440
4947
67044
50581
39002
60870
58739
43232
58134
23265
73922
29340
45371
6355
9657
15872
21030
54293
17468
38043
47080
12134
56156
29639
24137
58818
8437
72573
18751
62415
48721
48872
52742
40636
45046
11018
19363
34789
35110
25786
22604
11184
18983
30508
14304
57992
39418
36726
41943
23347
53415
37645
63594
56425
23069
50401
19444
11083
40944
67652
21423
61344
72638
69934
33158
15845
15726
37355
61017
52263
62946
60145
12785
32008
49058
66831
63040
25100
56832
5766
51409
2785
24073
23113
22080
53470
46250
49902
34241
48533
51231
18402
63010
43548
4107
20590
60351
45223
23805
60471
45286
26847
42372
56051
37683
56598
49515
41522
31199
62189
46960
35589
15965
41277
14933
2576
70312
23719
63981
14518
47302
18621
33901
17441
31768
6326
46942
14509
13933
66068
26571
51840
13234
26064
12295
53712
64142
59934
38760
41093
44290
52600
14027
38739
34211
33163
55718
7135
22018
19130
62516
50571
58808
48165
21589
70870
63756
21944
6845
17450
12385
67651
21544
43529
63238
53505
13417
21818
38352
53053
63358
17229
8547
72209
61593
42326
58044
63954
35737
10615
57585
57347
29975
45456
71421
48570
17816
64095
21026
27973
13386
70259
11959
36202
39996
33179
50604
55360
24877
29263
24999
32227
39438
20124
19385
63018
63739
54539
5418
60222
20746
13897
47366
2424
35481
53493
18036
46994
55879
23835
11033
35540
31737
67394
27542
14173
32483
45434
15021
11409
26107
59821
22360
66829
25240
25635
54871
36500
60626
5257
38724
40281
12762
49285
41321
22306
13124
35454
19310
22079
51486
5899
22001
26672
66399
4542
24384
71271
30476
52771
11949
7400
10417
20696
54023
55462
41463
9374
56601
45760
62037
10430
53855
14797
12778
13497
62569
14323
57312
64127
72131
14297
31488
71094
57530
17102
67828
28099
29349
19067
57321
44973
60063
61420
23926
28957
58220
34652
61787
25037
52297
37565
20291
28034
27570
13705
30318
48511
20088
42218
67906
58913
14012
66633
39358
32283
8749
54086
39279
51911
49612
58719
59662
4270
14653
20645
32119
19376
46020
25282
45020
26034
49541
35232
8326
34936
25652
28402
41447
63554
18550
36795
24441
71469
31381
15326
6315
55048
44194
63635
58760
65120
37632
26921
24163
28311
29578
5413
37633
39026
24985
36676
35287
15645
66247
50792
37136
51102
61506
10568
26885
25870
23686
64727
34636
37983
33895
46209
36185
36124
38077
10179
66312
63673
22234
53960
11389
42593
35457
39245
51754
52928
43479
41364
68954
31682
32571
47162
62077
70234
63227
33331
57840
16827
62264
55929
28495
13157
30595
47435
68708
50867
15278
58972
62057
34916
23274
62885
59887
55165
26040
62370
7518
14903
6092
48773
25354
15266
44310
45909
38120
38574
73246
31282
61975
66792
46285
15531
60911
32736
20443
63248
26703
16148
3539
34698
32294
37929
64081
53243
31067
48986
57677
36281
10480
45437
12923
39431
15173
61857
70186
34969
30164
46243
37771
12368
38548
51508
18373
32704
32144
48682
34161
74495
21973
55993
26578
55043
4705
36009
22222
41671
53946
65980
61118
67204
52801
40319
63596
56795
30701
72479
38363
68483
52312
21748
56058
17130
41834
27970
43618
64876
16363
32596
64606
10529
68909
40971
21711
35552
44163
7009
24730
21707
36132
49127
39475
33327
37225
56684
32986
12175
65267
45531
47620
36389
65921
41560
38281
41602
25368
22116
22767
44582
54988
23968
4776
44152
6499
12731
22349
62047
45963
28220
10106
69193
65715
9110
59230
6590
45204
7907
28886
49186
45290
4272
46170
60680
70478
53838
40802
62788
41620
40180
33042
24230
41385
43604
9346
10738
56455
53710
19832
49436
64530
10617
46547
58572
35016
12464
17135
14730
34627
36256
28476
23055
36865
54121
15292
29122
43320
59067
40130
9675
54263
3436
64600
15580
34454
52955
40229
26411
17323
27763
35953
43953
14490
45805
35305
20820
9424
56137
49883
61215
20695
15621
57556
34171
21293
63305
16294
34248
33501
20037
68032
67042
31578
15020
57543
16367
55366
47139
29999
64004
23262
44150
20906
53303
35160
37451
40297
64905
33218
62594
37188
19287
8414
3040
15568
49709
65419
13719
25614
34071
34610
61943
10903
37766
64039
65410
44140
48747
39817
4039
29015
58127
41466
38080
57368
56511
57726
28399
39790
26917
36817
37668
8303
21972
47887
21376
37667
65655
33261
54587
62091
47448
65754
15609
48297
8777
64079
9342
47732
63573
47960
64900
39780
62889
39760
20216
43001
67851
13542
34587
7942
41844
19282
63731
8610
41331
58143
62682
41991
57027
29919
59179
50123
23254
26324
23882
22129
66654
16058
18415
71826
32524
57037
49198
40269
31354
23640
41246
63200
59528
21064
24806
42460
33857
31139
26906
46392
31846
53120
59214
30486
9085
65314
20016
47047
37511
33991
11267
54526
13068
52382
53813
56664
65689
71247
19237
4386
63023
63028
50659
3936
9315
41134
27094
57839
10809
10563
40536
36625
63484
7965
30168
73321
24892
67437
11032
26934
9389
40087
25882
67174
32165
60311
53070
60678
14632
4339
61210
5424
30738
45661
17665
44937
64774
45414
67228
15960
43452
61406
5972
42303
32117
33973
62740
18236
16922
70840
35666
44007
52165
10067
6840
66807
51663
9394
67020
40268
7341
74875
25222
23894
29459
50958
53175
69353
64895
12122
30667
36622
34943
22873
59632
40187
55280
57717
33210
48927
19306
42443
61538
60664
27377
60456
14564
48586
48125
50327
4151
71191
7951
17499
37222
18840
33365
41158
65715
6793
7012
33108
24373
25275
11629
23658
68944
58505
38028
23484
58374
59130
31167
9968
53217
42887
5730
3932
54278
15929
62162
51076
64906
24080
34065
36192
4990
35568
35333
12417
71477
6022
10433
70298
7569
61122
38887
42871
8619
41952
64543
33408
42200
15550
60799
67006
54467
60888
73570
56471
20097
9300
64083
34015
49759
33886
51006
8468
66034
38719
68578
68475
43083
62228
58361
15437
13400
30717
46366
62724
32710
23274
33950
51718
13283
47618
54128
41289
41726
70561
17832
13105
65882
50682
57191
38487
11541
17247
23553
56948
8754
19145
13510
64635
15502
11226
61222
36113
28375
23210
66184
32878
18484
56045
33291
63735
59834
63235
53487
11954
40091
18043
42547
56082
27866
44598
28760
35306
34278
18156
7434
36944
53566
46692
19864
67186
53262
54341
14393
8511
18721
32601
28360
15278
62088
35434
73121
52194
35928
10554
28496
29481
23352
46798
45026
57921
35815
34326
29327
70077
24746
58662
20595
42941
33613
51380
54186
55565
45576
61481
23261
53418
67498
37922
38888
25839
49931
62474
14724
35168
56321
26747
8277
19012
39764
59662
8090
42613
65667
54884
69091
37508
58815
59686
23982
33022
51040
60024
47528
52661
15723
9927
43782
18685
67849
22604
26048
35441
54777
69786
53064
13947
64792
58897
53905
52306
52393
57124
57542
15288
51804
12050
29046
67194
40471
43458
70731
48854
61445
63933
61132
13119
65509
67721
62556
17575
36092
54163
64856
19137
59711
7885
38296
13325
48900
3591
5761
15532
34815
43867
41953
48902
18960
70261
30469
36472
42277
49254
43049
51289
33074
62095
64661
60471
45639
38892
52939
29052
53057
51547
8588
20900
63525
67895
25532
52141
63880
21004
72777
25539
32498
33443
51110
61599
59456
32308
26489
39301
56025
46697
19350
14989
16910
9673
52618
12793
63980
22703
57361
58730
54742
13431
19457
27637
60941
51067
56099
15321
17445
44808
47289
16637
47531
26184
52887
21534
34442
58503
58867
27935
61925
4782
44479
53508
50712
39197
23188
21639
68742
6138
6746
23207
41066
37702
44748
23376
11974
70634
56128
26119
64772
3470
60872
33468
44223
49972
4037
13311
43589
31173
14892
20400
31517
63226
8933
15589
10387
53866
17253
24774
37474
65766
39050
10593
9572
51265
32252
59350
39042
40511
45931
45546
63345
23002
19882
13588
52286
58111
73205
18373
60253
6266
37539
59841
35842
60681
25205
62327
9200
18719
50969
41486
47075
26791
64057
22833
28770
11967
51785
18770
24546
54369
31140
21493
17070
60048
37641
64106
46649
23153
59663
17780
38960
61187
42227
34107
68197
74570
63396
47031
71279
46564
66954
25247
25359
57169
68814
11076
45385
15118
59374
9308
24775
57129
16687
46864
27642
11505
34173
10628
56875
8410
49083
38593
25656
69919
12854
18450
36510
36478
41539
41174
31240
46100
17003
14707
41153
4915
5499
48386
14766
51232
44562
52629
55866
9746
18317
29731
28159
24773
47751
51028
66112
53608
68225
20347
39014
37369
35884
20776
19550
38904
24908
35742
4852
41532
30692
60437
65434
32880
3891
65410
3885
25015
54700
34196
46021
50559
71822
22434
69912
71835
17490
69126
37498
64811
29680
59140
37939
39414
10222
29433
12807
51733
48211
27437
11585
7249
14299
21807
52951
34937
38358
13878
21378
58233
16774
19741
37855
46666
35727
31326
55350
16699
29254
21799
39097
61356
15989
16492
41966
43834
29923
70130
31679
9391
11352
59405
54345
43169
24412
13324
56187
21671
69520
23462
14598
45734
64019
38015
7594
65651
34827
14518
15114
56589
50773
41865
28963
59798
45272
23632
69924
37751
32114
28997
49069
60912
11145
65111
33417
28835
54373
30390
27585
60663
38806
20583
68521
13304
57052
55984
38060
51641
28225
53441
61839
29754
31823
37630
71113
33317
39556
64061
27847
39267
65019
20932
51393
57673
65351
63531
16425
61126
4356
5681
55375
39168
16454
16551
14287
67328
52703
24794
71163
39116
53278
56215
37016
39587
52699
16967
31838
49647
12891
55424
59919
30711
56085
16392
39400
53716
61924
27578
54567
60214
19343
58069
60489
56150
56571
60783
5855
28766
51605
45356
43189
5060
14079
47804
61452
59040
9623
29538
37094
35746
22963
62943
44356
47983
10550
40379
11015
39063
18758
29580
39895
71571
8684
36782
23744
47214
32397
28460
68543
66210
28651
22058
61228
66392
53384
40847
25771
26519
53485
62123
64384
71370
58909
15367
66627
8892
14911
4152
64080
28414
24754
39893
35024
35139
45254
60436
57377
23574
62473
46911
41165
32059
20096
67741
67585
66935
30987
18055
33206
72584
43926
42185
59542
23270
24334
62690
21766
21297
19088
37322
20280
34034
32916
48762
9826
67965
12096
24780
60078
16038
15140
52533
52931
23754
58313
15527
15577
71451
25573
47580
43195
4862
60146
17378
53244
40680
11965
41208
12585
26244
35664
70160
37048
25173
5705
9331
25589
63848
55239
66460
17435
60108
32309
44704
37581
18227
37852
36270
32488
17241
10036
60604
5274
55870
17753
51202
22026
35304
26000
10038
51090
49365
4150
42249
23245
9209
65972
25620
11363
67663
22128
50220
15099
65901
30246
60862
45114
34876
58936
51583
59785
55482
26195
72272
19757
51275
20977
41921
46140
53139
25231
51299
57998
12776
13676
56520
58038
70185
65115
67053
50753
3372
26246
10498
56241
21617
46044
68641
20164
46072
54856
60127
35377
37453
15851
48964
20514
39537
65379
71632
27562
58044
54547
17487
24000
54346
74007
27006
54457
14190
35843
57016
49725
13020
46502
51068
48401
19214
67126
35775
62695
38162
61322
50073
56680
57089
58904
49903
57624
26005
68729
30147
9341
58075
55145
46823
21946
10427
58774
13931
69528
50714
22755
21780
57605
43488
49996
24666
23903
61910
38333
54348
19529
49045
61422
20326
64901
24807
53874
38328
30866
40411
64283
70167
45913
55195
6636
24119
47403
34387
21702
63760
24537
31963
56084
51280
65144
65273
62412
56755
49837
25866
62388
16856
43844
39405
19707
48089
62796
57079
15320
61840
28530
7500
57865
9173
39937
7439
13470
30371
24502
67476
52564
37104
39001
58528
10807
27816
45692
50424
34241
56464
50813
34329
46225
32040
48659
26879
25152
31142
20670
66044
39796
14955
8387
49063
22333
60851
54576
34257
16100
16956
17571
48016
53546
43880
40845
17053
24229
63071
21557
55251
69333
17629
6958
59381
59150
38403
34087
24351
18340
16919
71731
65889
21148
62227
15398
8690
48116
57993
22171
23134
46375
15451
67640
52067
59657
47307
67352
12514
63736
64981
66827
70103
46836
52407
28706
29674
41652
58129
23156
28021
34475
30136
20444
35253
39548
50809
33844
41471
17876
59592
50956
41114
5689
47931
42679
29611
62354
14619
64992
46179
61985
47187
48047
33631
17557
28174
66024
48360
18057
10970
18536
56692
63858
52866
12817
21717
34053
11133
18820
9383
45551
12032
12548
30000
39988
52730
64219
5742
14812
55735
18941
20223
66033
11681
29360
62284
55288
36867
22396
70721
19416
62287
41056
70035
34892
23339
66492
18286
46061
18437
42887
67478
5168
39845
21499
26020
21777
25118
17234
26424
40322
20755
32408
13525
32406
60947
51367
39366
21947
51423
3863
43015
46693
53768
18810
29425
54360
32393
12254
66293
28948
16954
29827
44357
11364
10300
10109
23749
43853
56256
23296
29228
11778
37019
20940
15947
46288
67084
9123
40161
48187
59808
55298
40775
28742
10224
7010
17714
3654
67604
15615
29219
57602
21165
36030
52849
70037
40600
22087
26528
60425
58440
18409
44200
20507
29168
55855
59371
23797
39744
25074
42902
31653
22016
6712
46772
42086
63149
22659
27264
14201
16449
48949
34611
53842
58145
7973
60586
46189
7686
39606
59877
25667
32822
34057
44630
26102
24603
69072
66561
24504
69988
31320
50782
19747
6782
62701
31340
34480
66049
56021
71208
46957
37748
60013
44002
18035
7111
8948
18434
51472
36216
35043
50086
46033
51148
66489
65909
46420
7981
5023
29392
40689
48880
13353
55167
29495
44396
11351
36876
56241
68323
46727
58690
43171
46578
11431
29511
10844
61894
34278
19601
30073
15987
24433
40520
39717
2343
32236
41738
57490
44732
42318
33674
25326
67634
59734
55130
67941
17254
12399
62052
44610
13050
1950
57671
12818
8470
7194
30361
8268
30160
11411
39748
49551
45908
38178
33091
6849
39221
34308
58441
30687
23117
38261
65731
33472
31546
5984
67165
10810
40766
63777
60258
40368
59756
16837
53096
9592
45581
35563
53141
66085
22698
38601
10123
49975
2283
17189
14982
42445
64194
32292
49833
70949
41757
65248
13951
44975
5845
67609
70254
12031
27082
17033
13348
8992
43461
48803
54988
70548
1963
55708
8156
64557
54937
26806
71736
54529
24446
73566
15910
55887
23829
55269
44146
38764
30773
57641
52071
51007
50102
41655
50292
56023
16182
19272
66986
14791
9722
69267
22126
25367
59193
58969
24211
20259
55394
45530
14208
65044
28428
26141
56677
10786
17560
6057
38260
56068
15901
47394
57459
27131
16804
59319
43326
61780
25879
53948
58718
17948
23695
14068
48554
43114
57294
58251
37288
39258
18849
66210
10692
69275
52320
7675
40319
46151
51414
63617
34252
71244
44701
51322
65613
29000
37742
54557
42532
47303
16029
12979
10131
63841
37503
13324
44520
57920
72961
18156
11464
17468
42895
12791
28163
48166
12602
62341
38737
53457
15756
67076
54604
51664
44181
8012
35461
35508
63192
41095
64181
8044
63171
14364
41498
38133
68720
22740
36850
34122
63859
51062
67308
33177
64010
34570
21215
31583
51440
19347
18955
48773
12363
69677
61960
53336
7121
51464
28421
46398
22933
50383
24007
8308
5917
28497
39497
64875
63739
43334
41694
8575
58332
15326
15207
38845
36303
61362
23993
9925
32435
18186
39986
15733
42136
35673
14124
8565
13508
37680
26418
16311
37971
34922
35179
23785
52048
36000
7690
56172
67300
8721
63115
51702
11206
60101
16031
60506
29474
48900
10961
47192
40426
10764
32932
26094
49955
24004
67661
15806
17153
55328
46843
21231
14440
12326
14505
53207
6959
12492
37417
37121
35646
5348
54823
69922
20191
28603
48540
24724
33920
58549
57944
51653
56652
10558
37774
38648
53971
30570
22436
63020
22039
49545
6331
5896
3467
25720
16220
28772
18205
7278
39690
47458
28774
28946
68196
16190
31357
41356
45398
23822
40114
25711
11289
65318
70853
51523
66612
5585
7619
57622
15254
57732
18788
41788
62051
13987
47240
39035
20544
54401
48889
38583
64359
13448
43341
33727
37730
24104
63876
19963
36865
11159
36839
52784
70927
64393
12325
42105
8747
29147
43752
49676
73619
48742
40182
17986
18685
52264
55624
57121
69976
33598
25333
9649
11117
8773
52938
20747
70114
8982
26309
27828
48820
65705
64551
22147
47654
25563
41412
64673
36044
20667
47515
33855
22565
59962
55755
7982
10196
55908
49774
50489
34982
50242
14493
25417
14588
39342
33970
15698
37416
35522
66862
57481
47305
31254
11599
65929
25102
68573
20185
25315
20594
61490
12091
6179
59395
71965
17546
35132
51488
17567
50656
20137
46837
28724
7806
61928
52806
56832
39927
18158
25795
19400
63234
19466
27283
46869
46794
64945
24761
44442
54091
38093
44808
13820
26103
30609
36219
60064
14547
55165
12251
20350
50983
52529
10386
29370
4381
23087
45442
43830
61728
19020
17114
26465
54981
51779
59982
55700
3835
21734
47023
52467
26461
45325
39030
32975
24884
49338
33088
27913
50442
70904
70099
68933
67869
12634
62912
21487
36855
59879
7766
20613
19245
22834
15584
48567
30914
55332
18363
29394
20788
64695
27874
27544
60890
54157
10589
61667
24054
21154
11409
34876
4817
47976
21687
9551
24396
67338
38664
28696
43842
27294
61703
45503
24862
31421
33184
16521
63926
16245
37540
34411
12473
27231
57770
36885
58077
31910
16201
28732
44106
17225
37704
38987
50043
36355
66456
55649
37253
53724
70712
53692
49974
42092
28304
29746
10420
34513
31651
55554
50781
35691
35748
5683
17535
53903
46721
32168
14660
47893
19311
31210
31121
37712
42375
36115
35075
21345
14674
9117
66705
36587
38968
60627
10530
57153
49250
13176
50160
8929
42060
37436
36974
16599
38072
53717
30878
49990
26679
63614
47332
49957
32221
28075
44050
38417
47513
4895
14073
67617
59802
58317
61755
15228
62308
35439
3792
15010
64993
25869
39687
15446
73765
26038
42207
10236
47383
33103
52616
29297
14464
53726
16358
52068
67027
10705
31901
68448
61968
21556
31639
30301
58464
35296
4769
17983
65616
65895
53886
44397
49643
15486
21832
14286
29106
20731
